3
R 1 5 0 255
C1 -0.0462795 0.012544 0.0517597 0.110583
C2 0.529848 0.588671 0.627887 0.686711
C3 0.374688 0.433512 0.472728 0.531551
C4 0.810426 0.86925 0.908466 0.967289
C5 0.550865 0.609689 0.648904 0.707728
C6 0.0455045 0.104328 0.143544 0.202367
G 1 5 0 255
C1 -0.00192624 0.0568973 0.096113 0.154937
C2 0.669261 0.728084 0.7673 0.826123
C3 0.551499 0.610322 0.649538 0.708362
C4 0.584944 0.643767 0.682983 0.741807
C5 0.313019 0.371843 0.411059 0.469882
C6 0.191706 0.25053 0.289746 0.348569
B 1 5 0 255
C1 -0.00276013 0.0560634 0.0952791 0.154103
C2 0.677464 0.736288 0.775504 0.834327
C3 0.554925 0.613749 0.652964 0.711788
C4 0.460097 0.51892 0.558136 0.616959
C5 0.184826 0.24365 0.282866 0.341689
C6 0.185034 0.243858 0.283073 0.341897

0 2
Skin
Nonskin
