3
R 1 5 0 255
C1 0.554507 0.613331 0.652546 0.71137
C2 0.289297 0.348121 0.387337 0.44616
C3 0.81424 0.873063 0.912279 0.971102
C4 0 0.0551448 0.0943605 0.153184
C5 0.459764 0.518588 0.557803 0.616627
G 1 5 0 255
C1 0.305611 0.364435 0.403651 0.462474
C2 0.462919 0.521743 0.560959 0.619782
C3 0.600336 0.65916 0.698376 0.757199
C4 0.0974165 0.15624 0.195456 0.254279
C5 0.623042 0.681866 0.721082 0.779905
B 1 5 0 255
C1 0.17836 0.237184 0.276399 0.335223
C2 0.461996 0.52082 0.560035 0.618859
C3 0.482839 0.541663 0.580879 0.639702
C4 0.0928179 0.151641 0.190857 0.249681
C5 0.630874 0.689698 0.728913 0.787737

0 2
Skin
Nonskin
